[11, 14, 2, 13, 7, 1, 8, 9, 3, 10, 5, 0, 12, 6, 4]
==================================================
Group 0  : [0, 1, 2, 3, 4, 5, 6, 7, 8, 10, 11, 12, 13, 14]
Group 1  : [0, 1, 2, 3, 4, 5, 6, 7, 8, 10, 11, 12, 13, 14]
Group 2  : [0, 1, 2, 3, 4, 5, 6, 7, 8, 10, 11, 12, 13, 14]
Group 3  : [0, 1, 2, 3, 4, 5, 6, 7, 8, 10, 11, 12, 13, 14]
Group 4  : [0, 1, 2, 3, 4, 5, 6, 7, 8, 10, 11, 12, 13, 14]
Group 5  : [0, 1, 2, 3, 4, 5, 6, 7, 8, 10, 11, 12, 13, 14]
Group 6  : [0, 1, 2, 3, 4, 5, 6, 7, 8, 10, 11, 12, 13, 14]
Group 7  : [9]
Group 8  : [0, 1, 2, 3, 4, 5, 6, 7, 8, 10, 11, 12, 13, 14]
Group 9  : [0, 1, 2, 3, 4, 5, 6, 7, 8, 10, 11, 12, 13, 14]
Group 10  : [0, 1, 2, 3, 4, 5, 6, 7, 8, 10, 11, 12, 13, 14]
Group 11  : [0, 1, 2, 3, 4, 5, 6, 7, 8, 10, 11, 12, 13, 14]
Group 12  : [0, 1, 2, 3, 4, 5, 6, 7, 8, 10, 11, 12, 13, 14]
Group 13  : [0, 1, 2, 3, 4, 5, 6, 7, 8, 10, 11, 12, 13, 14]
Group 14  : [0, 1, 2, 3, 4, 5, 6, 7, 8, 10, 11, 12, 13, 14]
group number:  15
